name: sentence_embeddings
channels:
  - pytorch
  - conda-forge
  - defaults
dependencies:
  - _tflow_select=1.1.0=gpu
  - absl-py=0.7.1=py27_0
  - asn1crypto=0.24.0=py27_0
  - astor=0.7.1=py27_0
  - backports=1.0=py_2
  - backports.functools_lru_cache=1.5=py27_1
  - backports.weakref=1.0.post1=py27_1000
  - backports_abc=0.5=py27_0
  - blas=1.0=mkl
  - bleach=1.5.0=py27_0
  - boto=2.49.0=py27_0
  - boto3=1.9.111=py_0
  - botocore=1.12.112=py_0
  - bz2file=0.98=py27_1
  - c-ares=1.15.0=h7b6447c_1
  - ca-certificates=2019.1.23=0
  - certifi=2019.3.9=py27_0
  - cffi=1.12.2=py27h2e261b9_1
  - chardet=3.0.4=py27_1
  - cryptography=2.6.1=py27h1ba5d50_0
  - cudatoolkit=9.0=h13b8566_0
  - cudnn=7.3.1=cuda9.0_0
  - cupti=9.0.176=0
  - cycler=0.10.0=py27_0
  - dbus=1.13.6=h746ee38_0
  - docutils=0.14=py27_0
  - enum34=1.1.6=py27_1001
  - expat=2.2.6=he6710b0_0
  - fontconfig=2.13.0=h9420a91_0
  - freetype=2.9.1=h8a8886c_1
  - funcsigs=1.0.2=py_3
  - functools32=3.2.3.2=py27_1
  - futures=3.2.0=py27_1000
  - gast=0.2.2=py27_0
  - gensim=3.4.0=py27h14c3975_0
  - glib=2.56.2=hd408876_0
  - grpcio=1.16.1=py27hf8bcb03_1
  - gst-plugins-base=1.14.0=hbbd80ab_1
  - gstreamer=1.14.0=hb453b48_1
  - h5py=2.9.0=py27h7918eee_0
  - hdf5=1.10.4=hb1b8bf9_0
  - html5lib=0.9999999=py27_0
  - icu=58.2=h9c2bf20_1
  - idna=2.8=py27_0
  - intel-openmp=2019.1=144
  - ipaddress=1.0.22=py27_0
  - jmespath=0.9.4=py_0
  - jpeg=9b=h024ee3a_2
  - keras-applications=1.0.7=py_0
  - keras-preprocessing=1.0.9=py_0
  - kiwisolver=1.0.1=py27hf484d3e_0
  - libedit=3.1.20181209=hc058e9b_0
  - libffi=3.2.1=hd88cf55_4
  - libgcc-ng=8.2.0=hdf63c60_1
  - libgfortran-ng=7.3.0=hdf63c60_0
  - libpng=1.6.36=hbc83047_0
  - libprotobuf=3.7.0=h8b12597_2
  - libstdcxx-ng=8.2.0=hdf63c60_1
  - libtiff=4.0.10=h2733197_2
  - libuuid=1.0.3=h1bed415_2
  - libxcb=1.13=h1bed415_1
  - libxml2=2.9.9=he19cac6_0
  - linecache2=1.0.0=py27_0
  - markdown=2.6.11=py_0
  - matplotlib=2.2.3=py27hb69df0a_0
  - mkl=2019.1=144
  - mkl_fft=1.0.10=py27ha843d7b_0
  - mkl_random=1.0.2=py27hd81dba3_0
  - mock=2.0.0=py27_1001
  - ncurses=6.1=he6710b0_1
  - ninja=1.8.2=py27h6bb024c_1
  - nltk=3.4=py27_1
  - numpy=1.16.2=py27h7e9f1db_0
  - numpy-base=1.16.2=py27hde5b4d6_0
  - olefile=0.46=py27_0
  - openssl=1.1.1b=h7b6447c_1
  - pbr=5.1.3=py_0
  - pcre=8.43=he6710b0_0
  - pillow=5.4.1=py27h34e0f95_0
  - protobuf=3.7.0=py27he1b5a44_1
  - pycparser=2.19=py27_0
  - pyopenssl=19.0.0=py27_0
  - pyparsing=2.3.1=py27_0
  - pyqt=5.9.2=py27h05f1152_2
  - pysocks=1.6.8=py27_0
  - python=2.7.16=h9bab390_0
  - python-dateutil=2.8.0=py27_0
  - pytorch=1.0.1=py2.7_cuda9.0.176_cudnn7.4.2_2
  - pytz=2018.9=py27_0
  - qt=5.9.7=h5867ecd_1
  - readline=7.0=h7b6447c_5
  - requests=2.21.0=py27_0
  - s3transfer=0.2.0=py27_0
  - scikit-learn=0.20.3=py27hd81dba3_0
  - scipy=1.2.1=py27h7c811a0_0
  - setuptools=40.8.0=py27_0
  - singledispatch=3.4.0.3=py27_0
  - sip=4.19.8=py27hf484d3e_0
  - six=1.12.0=py27_0
  - smart_open=1.8.0=py27_0
  - sqlite=3.27.2=h7b6447c_0
  - subprocess32=3.5.3=py27h7b6447c_0
  - tensorboard=1.8.0=py27hf484d3e_0
  - tensorflow=1.8.0=h16da8f2_0
  - tensorflow-base=1.8.0=py27hc1a7637_0
  - tensorflow-gpu=1.8.0=h7b35bdc_0
  - termcolor=1.1.0=py27_1
  - tk=8.6.8=hbc83047_0
  - torchvision=0.2.2=py_3
  - tornado=5.1.1=py27h7b6447c_0
  - traceback2=1.4.0=py27_0
  - unittest2=1.1.0=py27_0
  - urllib3=1.24.1=py27_0
  - webencodings=0.5.1=py_1
  - werkzeug=0.15.1=py_0
  - wheel=0.33.1=py27_0
  - xz=5.2.4=h14c3975_4
  - zlib=1.2.11=h7b6447c_3
  - zstd=1.3.7=h0b5b093_0
  - pip:
    - pip==19.0.3
    - tensorflow-hub==0.3.0
prefix: /home/zxj/miniconda3/envs/sentence_embeddings

